[[ 1.23486006  1.23486006  1.23486006  1.23486006  1.23486006  1.23486006
   1.23486006  1.23486006  1.23486006  1.23486006  1.23486006  1.23486006
   1.23486006  1.23486006  1.23486006  1.23486006  1.23486006  1.23486006
   1.23486006  1.23486006  1.23486006  1.23486006  1.23486006  1.23486006
   1.23486006  1.23486006  1.23486006  1.23486006  1.23486006  1.23486006
   1.23486006  1.23486006  1.23486006  1.23486006  1.23486006  1.23486006
   1.23486006  1.23486006  1.23486006  1.23486006  1.23486006  1.23486006
   1.23486006  1.23486006  1.23486006  1.23486006  1.23486006  1.23486006
   1.23486006  1.23486006  1.23486006  1.23486006  1.23486006  1.23486006
   1.23486006  1.23486006  1.23486006  1.23486006  1.23486006  1.23486006
   1.23486006  1.23486006  1.23486006  1.23486006  1.23486006  1.23486006
   1.23486006  1.23486006  1.23486006  1.23486006  1.23486006  1.23486006
   1.23486006  1.23486006  1.23486006  1.23486006  1.23486006  1.23486006
   1.23486006  1.23486006  1.23486006  1.23486006  1.23486006  1.23486006
   1.23486006  1.23486006  1.23486006  1.23486006  1.23486006  1.23486006
   1.23486006  1.23486006  1.23486006  1.23486006  1.23486006  1.86914921
   1.86914921  1.86914921  1.86914921  1.86914921  1.86914921  1.86914921
   1.86914921  1.86914921  1.86914921  1.86914921  1.86914921  1.86914921
   0.51241535  0.51241535  0.51241535  0.51241535  0.51241535  0.51241535
   0.51241535  0.51241535  0.51241535  0.51241535  0.51241535  0.51241535
   0.89225119  0.89225119  0.89225119  0.89225119  0.89225119  0.89225119
   0.89225119  0.89225119  0.89225119  0.89225119  0.89225119  0.89225119
   0.89225119  2.0956409   2.0956409   2.0956409   2.0956409   2.0956409
   2.0956409   2.0956409   2.0956409   2.0956409   2.0956409   2.0956409
   2.0956409   0.93053389  0.93053389  0.93053389  0.93053389  0.93053389
   0.93053389  0.93053389  0.93053389  1.11451387  1.11451387  1.11451387
   1.11451387  1.11451387  1.11451387  1.11451387  1.11451387  1.27492499
   1.27492499  1.27492499  1.27492499  1.27492499  1.27492499  1.27492499
   1.27492499  1.27492499  1.27492499  1.27492499  1.27492499  1.27492499
   1.27492499  1.27492499  1.27492499  1.27492499  1.32285321  1.32285321
   1.32285321  1.32285321  1.32285321  1.32285321  1.32285321  1.32285321
   1.32285321  1.32285321  1.32285321  1.32285321  1.32285321  1.32285321
   1.32285321  1.32285321  1.32285321  1.32285321  1.32285321  1.32285321
   1.32285321  1.32285321  1.32285321  1.32285321  1.32285321  1.32285321
   1.32285321  1.32285321  1.32285321  1.07592583  1.07592583  1.07592583
   1.07592583  1.07592583  1.07592583  1.07592583  1.07592583  1.07592583
   1.07592583  1.07592583  1.07592583  1.07592583  1.07592583  1.07592583
   1.07592583  1.07592583  1.07592583  1.07592583  1.07592583  1.07592583
   1.35115278  1.35115278  1.35115278  1.35115278  1.35115278  1.35115278
   1.35115278  1.35115278  1.08408177  1.08408177  1.08408177  1.08408177
   1.08408177  1.08408177  1.08408177  1.08408177  1.40191472  1.40191472
   1.40191472  1.40191472  1.40191472  1.40191472  1.40191472  1.40191472
   1.40191472  1.40191472  1.40191472  1.40191472  1.40191472  1.40191472
   1.40191472  1.40191472  1.40191472  1.40191472  1.40191472  1.40191472
   1.40191472  1.00896502  1.00896502  1.00896502  1.00896502  1.00896502
   1.00896502  1.00896502  1.00896502  1.00896502  1.00896502  1.00896502
   1.00896502  1.00896502  1.00896502  1.00896502  1.00896502  1.00896502
   1.00896502  1.00896502  1.00896502  1.00896502  1.00896502  1.00896502
   1.00896502  0.7341466   0.7341466   0.7341466   0.7341466   0.7341466
   0.7341466   0.7341466   0.7341466   0.7341466   0.7341466   0.7341466
   0.7341466   0.7341466   1.53250587  1.53250587  1.53250587  1.53250587
   1.53250587  1.53250587  1.53250587  1.53250587  0.73291212  0.73291212
   0.73291212  0.73291212  0.73291212  0.73291212  0.73291212  0.73291212
   1.33678341  1.33678341  1.33678341  1.33678341  1.33678341  1.33678341
   1.33678341  1.33678341  1.33678341  0.52166963  0.52166963  0.52166963
   0.52166963  0.52166963  0.52166963  0.52166963  0.52166963  1.01987994
   1.01987994  1.01987994  1.01987994  1.01987994  1.01987994  1.01987994
   1.01987994  1.56578839  1.56578839  1.56578839  1.56578839  1.56578839
   1.56578839  1.56578839  1.56578839  0.05613352  0.05613352  0.05613352
   0.05613352  0.05613352  0.05613352  0.05613352  0.05613352  0.05613352
   0.28318125  0.28318125  0.28318125  0.28318125  0.28318125  0.28318125
   0.28318125  0.28318125  0.28318125  0.28318125  0.28318125  0.28318125
  -0.10585217 -0.10585217 -0.10585217 -0.10585217 -0.10585217 -0.10585217
  -0.10585217 -0.10585217 -0.10585217 -0.10585217 -0.10585217 -0.10585217
   0.6077348   0.6077348   0.6077348   0.6077348   0.6077348   0.6077348
   0.6077348   0.6077348   0.6077348   1.22635853  1.22635853  1.22635853
   1.22635853  1.22635853  1.22635853  1.22635853  1.22635853  1.32647979
   1.32647979  1.32647979  1.32647979  1.32647979  1.32647979  1.32647979
   1.32647979  0.45964977  0.45964977  0.45964977  0.45964977  0.45964977
   0.45964977  0.45964977  0.45964977  1.01602638  1.01602638  1.01602638
   1.01602638  1.01602638  1.01602638  1.01602638  1.01602638  1.01602638
   1.44315338  1.44315338  1.44315338  1.44315338  1.44315338  1.44315338
   1.44315338  1.44315338  1.97339034  1.97339034  1.97339034  1.97339034
   1.97339034  1.97339034  1.97339034  1.97339034  1.23487508  1.23487508
   1.23487508  1.23487508  1.23487508  1.23487508  1.23487508  1.23487508
   1.49704635  1.49704635  1.49704635  1.49704635  1.49704635  1.49704635
   1.49704635  1.49704635  1.49704635  1.49704635  1.49704635  1.49704635
   1.49704635  1.76516616  1.76516616  1.76516616  1.76516616  1.76516616
   1.76516616  1.76516616  1.76516616  1.76516616  1.76516616  1.76516616
   1.76516616  1.9368161   1.9368161   1.9368161   1.9368161   1.9368161
   1.9368161   1.9368161   1.9368161   2.08730721  2.08730721  2.08730721
   2.08730721  2.08730721  2.08730721  2.08730721  2.08730721  2.08730721
   2.65205026  2.65205026  2.65205026  2.65205026  2.65205026  2.65205026
   2.65205026  2.65205026  2.65205026  2.65205026  2.65205026  2.65205026
   1.76794517  1.76794517  1.76794517  1.76794517  1.76794517  1.76794517
   1.76794517  1.76794517  1.76794517  1.76794517  1.76794517  1.76794517
   1.76794517  2.92330909  2.92330909  2.92330909  2.92330909  2.92330909
   2.92330909  2.92330909  2.92330909  2.5927701   2.5927701   2.5927701
   2.5927701   2.5927701   2.5927701   2.5927701   2.5927701   4.00252581
   4.00252581  4.00252581  4.00252581  4.00252581  4.00252581  4.00252581
   4.00252581  4.00252581  4.00252581  4.00252581  4.00252581  3.69824338
   3.69824338  3.69824338  3.69824338  3.69824338  3.69824338  3.69824338
   3.69824338  3.69824338  3.69824338  3.69824338  3.69824338  3.69824338
   3.69824338  3.69824338  3.69824338  3.69824338  3.29135585  3.29135585
   3.29135585  3.29135585  3.29135585  3.29135585  3.29135585  3.29135585
   3.29135585  3.29135585  3.29135585  3.29135585  3.29135585  3.29135585
   3.29135585  3.29135585  4.10531616  4.10531616  4.10531616  4.10531616
   4.10531616  4.10531616  4.10531616  4.10531616  4.10531616  4.10531616
   4.10531616  4.10531616  4.10531616  3.72668529  3.72668529  3.72668529
   3.72668529  3.72668529  3.72668529  3.72668529  3.72668529  4.06066084
   4.06066084  4.06066084  4.06066084  4.06066084  4.06066084  4.06066084
   4.06066084  5.08767843  5.08767843  5.08767843  5.08767843  5.08767843
   5.08767843  5.08767843  5.08767843  5.08767843  5.46429634  5.46429634
   5.46429634  5.46429634  5.46429634  5.46429634  5.46429634  5.46429634
   5.60972595  5.60972595  5.60972595  5.60972595  5.60972595  5.60972595
   5.60972595  5.60972595  5.97750568  5.97750568  5.97750568  5.97750568
   5.97750568  5.97750568  5.97750568  5.97750568  6.04517651  6.04517651
   6.04517651  6.04517651  6.04517651  6.04517651  6.04517651  6.04517651
   6.04517651  6.04517651  6.04517651  6.04517651  6.04517651  5.48972082
   5.48972082  5.48972082  5.48972082  5.48972082  5.48972082  5.48972082
   5.48972082  5.48972082  5.48972082  5.48972082  5.48972082  7.18571377
   7.18571377  7.18571377  7.18571377  7.18571377  7.18571377  7.18571377
   7.18571377  6.23994017  6.23994017  6.23994017  6.23994017  6.23994017
   6.23994017  6.23994017  6.23994017  6.23994017  8.17159939  8.17159939
   8.17159939  8.17159939  8.17159939  8.17159939  8.17159939  8.17159939
   5.79748869  5.79748869  5.79748869  5.79748869  5.79748869  5.79748869
   5.79748869  5.79748869  7.57127476  7.57127476  7.57127476  7.57127476
   7.57127476  7.57127476  7.57127476  7.57127476  7.09677792  7.09677792
   7.09677792  7.09677792  7.09677792  7.09677792  7.09677792  7.09677792
   7.09677792  7.9249258   7.9249258   7.9249258   7.9249258   7.9249258
   7.9249258   7.9249258   7.9249258   7.8334198   7.8334198   7.8334198
   7.8334198   7.8334198   7.8334198   7.8334198   7.8334198   6.89894962
   6.89894962  6.89894962  6.89894962  6.89894962  6.89894962  6.89894962
   6.89894962  7.44847298  7.44847298  7.44847298  7.44847298  7.44847298
   7.44847298  7.44847298  7.44847298  7.44847298  7.97667217  7.97667217
   7.97667217  7.97667217  7.97667217  7.97667217  7.97667217  7.97667217
   7.383883    7.383883    7.383883    7.383883    7.383883    7.383883
   7.383883    7.383883    7.45766926  7.45766926  7.45766926  7.45766926
   7.45766926  7.45766926  7.45766926  7.45766926  7.91694069  7.91694069
   7.91694069  7.91694069  7.91694069  7.91694069  7.91694069  7.91694069
   7.91694069  7.91694069  7.91694069  7.91694069  7.91694069  8.48361588
   8.48361588  8.48361588  8.48361588  8.48361588  8.48361588  8.48361588
   8.48361588  8.48361588  8.48361588  8.48361588  8.48361588  7.31685019
   7.31685019  7.31685019  7.31685019  7.31685019  7.31685019  7.31685019
   7.31685019  7.74491501  7.74491501  7.74491501  7.74491501  7.74491501
   7.74491501  7.74491501  7.74491501  7.74491501  9.37588978  9.37588978
   9.37588978  9.37588978  9.37588978  9.37588978  9.37588978  9.37588978
   8.71982765  8.71982765  8.71982765  8.71982765  8.71982765  8.71982765
   8.71982765  8.71982765  9.18296719  9.18296719  9.18296719  9.18296719
   9.18296719  9.18296719  9.18296719  9.18296719  9.18296719  8.75258446
   8.75258446  8.75258446  8.75258446  8.75258446  8.75258446  8.75258446
   8.75258446  8.75258446  8.75258446  8.75258446  8.75258446  8.92492104
   8.92492104  8.92492104  8.92492104  8.92492104  8.92492104  8.92492104
   8.92492104  8.92492104  8.92492104  8.92492104  8.92492104  8.1209631
   8.1209631   8.1209631   8.1209631   8.1209631   8.1209631   8.1209631
   8.1209631   8.1209631   9.28722382  9.28722382  9.28722382  9.28722382
   9.28722382  9.28722382  9.28722382  9.28722382  9.90834713  9.90834713
   9.90834713  9.90834713  9.90834713  9.90834713  9.90834713  9.90834713
   9.5415163   9.5415163   9.5415163   9.5415163   9.5415163   9.5415163
   9.5415163   9.5415163   8.9467411   8.9467411   8.9467411   8.9467411
   8.9467411   8.9467411   8.9467411   8.9467411   8.9467411   9.81493092
   9.81493092  9.81493092  9.81493092  9.81493092  9.81493092  9.81493092
   9.81493092  9.81493092  9.81493092  9.81493092  9.81493092  9.81493092
   9.81493092  9.81493092  9.81493092  9.81493092  9.81493092  9.81493092
   9.81493092  9.81493092  9.81493092  9.81493092  9.81493092  9.81493092
   9.81493092  9.81493092  9.81493092  9.81493092  9.81493092  9.81493092
   9.81493092  9.81493092  9.81493092  9.81493092  9.81493092  9.81493092
   9.81493092  9.81493092  9.81493092  9.81493092  9.81493092  9.81493092
   9.81493092  9.81493092  9.81493092  9.81493092  9.81493092  9.81493092
   9.81493092  9.81493092  9.81493092  9.81493092  9.81493092  9.81493092
   9.81493092  9.81493092  9.81493092  9.81493092  9.81493092  9.81493092
   9.81493092  9.81493092  9.81493092  9.81493092  9.81493092  9.81493092
   9.81493092  9.81493092  9.81493092  9.81493092  9.81493092  9.81493092
   9.81493092  9.81493092  9.81493092  9.81493092  9.81493092  9.81493092
   9.81493092  9.81493092  9.81493092  9.81493092  9.81493092  9.81493092
   9.81493092  9.81493092  9.81493092  9.81493092  9.81493092  9.81493092
   9.81493092  9.81493092  9.81493092  9.81493092]]
[[ 1.20547485  1.20547485  1.20547485  1.20547485  1.20547485  1.20547485
   1.20547485  1.20547485  1.20547485  1.20547485  1.20547485  1.20547485
   1.20547485  1.20547485  1.20547485  1.20547485  1.20547485  1.20547485
   1.20547485  1.20547485  1.20547485  1.20547485  1.20547485  1.20547485
   1.20547485  1.20547485  1.20547485  1.20547485  1.20547485  1.20547485
   1.20547485  1.20547485  1.20547485  1.20547485  1.20547485  1.20547485
   1.20547485  1.20547485  1.20547485  1.20547485  1.20547485  1.20547485
   1.20547485  1.20547485  1.20547485  1.20547485  1.20547485  1.20547485
   1.20547485  1.20547485  1.20547485  1.20547485  1.20547485  1.20547485
   1.20547485  1.20547485  1.20547485  1.20547485  1.20547485  1.20547485
   1.20547485  1.20547485  1.20547485  1.20547485  1.20547485  1.20547485
   1.20547485  1.20547485  1.20547485  1.20547485  1.20547485  1.20547485
   1.20547485  1.20547485  1.20547485  1.20547485  1.20547485  1.20547485
   1.20547485  1.20547485  1.20547485  1.20547485  1.20547485  1.20547485
   1.20547485  1.20547485  1.20547485  1.20547485  1.20547485  1.20547485
   1.20547485  1.20547485  1.20547485  1.20547485  1.20547485  1.20547485
   1.20547485  1.20547485  1.20547485  1.20547485  1.20547485  1.20547485
   1.20547485  1.20547485  1.20547485  1.20547485  1.20547485  1.20547485
   1.09127188  1.09127188  1.09127188  1.09127188  1.09127188  1.09127188
   1.09127188  1.09127188  1.09127188  1.09127188  1.09127188  1.09127188
   1.16676915  1.16676915  1.16676915  1.16676915  1.16676915  1.16676915
   1.16676915  1.16676915  1.16676915  1.16676915  1.16676915  1.16676915
   1.16676915  1.30614209  1.30614209  1.30614209  1.30614209  1.30614209
   1.30614209  1.30614209  1.30614209  1.38022971  1.38022971  1.38022971
   1.38022971  1.38022971  1.38022971  1.38022971  1.38022971  1.38022971
   1.38022971  1.38022971  1.38022971  1.10665762  1.10665762  1.10665762
   1.10665762  1.10665762  1.10665762  1.10665762  1.10665762  1.10665762
   1.10665762  1.10665762  1.10665762  1.10665762  1.10665762  1.10665762
   1.10665762  1.10665762  1.23743069  1.23743069  1.23743069  1.23743069
   1.23743069  1.23743069  1.23743069  1.23743069  1.23743069  1.23743069
   1.23743069  1.23743069  1.23743069  1.23743069  1.23743069  1.23743069
   1.23743069  1.23743069  1.23743069  1.23743069  1.22456801  1.22456801
   1.22456801  1.22456801  1.22456801  1.22456801  1.22456801  1.22456801
   1.22456801  1.24997735  1.24997735  1.24997735  1.24997735  1.24997735
   1.24997735  1.24997735  1.24997735  1.24997735  1.24997735  1.24997735
   1.24997735  1.24997735  1.24997735  1.24997735  1.24997735  1.17038679
   1.17038679  1.17038679  1.17038679  1.17038679  1.17038679  1.17038679
   1.17038679  1.17038679  1.17038679  1.17038679  1.17038679  1.17038679
   1.17038679  1.17038679  1.17038679  1.17038679  1.17038679  1.17038679
   1.17038679  1.17038679  1.27904975  1.27904975  1.27904975  1.27904975
   1.27904975  1.27904975  1.27904975  1.27904975  1.27904975  1.27904975
   1.27904975  1.27904975  1.27904975  1.27904975  1.27904975  1.27904975
   1.27904975  1.27904975  1.27904975  1.27904975  1.16498721  1.16498721
   1.16498721  1.16498721  1.16498721  1.16498721  1.16498721  1.16498721
   1.16498721  1.16498721  1.16498721  1.16498721  1.16498721  1.04834211
   1.04834211  1.04834211  1.04834211  1.04834211  1.04834211  1.04834211
   1.04834211  1.09187245  1.09187245  1.09187245  1.09187245  1.09187245
   1.09187245  1.09187245  1.09187245  1.09187245  1.09187245  1.09187245
   1.09187245  1.09187245  1.09187245  1.09187245  1.09187245  1.09187245
   1.09187245  1.09187245  1.09187245  1.09187245  0.99985486  0.99985486
   0.99985486  0.99985486  0.99985486  0.99985486  0.99985486  0.99985486
   0.99985486  0.99985486  0.99985486  0.99985486  1.2007339   1.2007339
   1.2007339   1.2007339   1.2007339   1.2007339   1.2007339   1.2007339
   0.86378843  0.86378843  0.86378843  0.86378843  0.86378843  0.86378843
   0.86378843  0.86378843  0.86378843  0.95944434  0.95944434  0.95944434
   0.95944434  0.95944434  0.95944434  0.95944434  0.95944434  1.03577936
   1.03577936  1.03577936  1.03577936  1.03577936  1.03577936  1.03577936
   1.03577936  0.88060069  0.88060069  0.88060069  0.88060069  0.88060069
   0.88060069  0.88060069  0.88060069  0.63503444  0.63503444  0.63503444
   0.63503444  0.63503444  0.63503444  0.63503444  0.63503444  0.63503444
   0.63503444  0.63503444  0.63503444  0.63503444  0.07782087  0.07782087
   0.07782087  0.07782087  0.07782087  0.07782087  0.07782087  0.07782087
   0.26168796  0.26168796  0.26168796  0.26168796  0.26168796  0.26168796
   0.26168796  0.26168796  0.57608044  0.57608044  0.57608044  0.57608044
   0.57608044  0.57608044  0.57608044  0.57608044  0.57608044  0.57608044
   0.57608044  0.57608044  0.57608044  1.05352449  1.05352449  1.05352449
   1.05352449  1.05352449  1.05352449  1.05352449  1.05352449  1.00416279
   1.00416279  1.00416279  1.00416279  1.00416279  1.00416279  1.00416279
   1.00416279  0.93405199  0.93405199  0.93405199  0.93405199  0.93405199
   0.93405199  0.93405199  0.93405199  0.97294319  0.97294319  0.97294319
   0.97294319  0.97294319  0.97294319  0.97294319  0.97294319  0.97294319
   1.47752333  1.47752333  1.47752333  1.47752333  1.47752333  1.47752333
   1.47752333  1.47752333  1.55047297  1.55047297  1.55047297  1.55047297
   1.55047297  1.55047297  1.55047297  1.55047297  1.56843734  1.56843734
   1.56843734  1.56843734  1.56843734  1.56843734  1.56843734  1.56843734
   1.56843734  1.56843734  1.56843734  1.56843734  1.56843734  1.49902916
   1.49902916  1.49902916  1.49902916  1.49902916  1.49902916  1.49902916
   1.49902916  1.73300958  1.73300958  1.73300958  1.73300958  1.73300958
   1.73300958  1.73300958  1.73300958  1.92976308  1.92976308  1.92976308
   1.92976308  1.92976308  1.92976308  1.92976308  1.92976308  1.92976308
   1.92976308  1.92976308  1.92976308  2.22539115  2.22539115  2.22539115
   2.22539115  2.22539115  2.22539115  2.22539115  2.22539115  2.22539115
   2.22539115  2.22539115  2.22539115  2.22539115  2.16910076  2.16910076
   2.16910076  2.16910076  2.16910076  2.16910076  2.16910076  2.16910076
   2.44776821  2.44776821  2.44776821  2.44776821  2.44776821  2.44776821
   2.44776821  2.44776821  2.42800808  2.42800808  2.42800808  2.42800808
   2.42800808  2.42800808  2.42800808  2.42800808  2.42800808  2.42800808
   2.42800808  2.42800808  2.42800808  3.17286873  3.17286873  3.17286873
   3.17286873  3.17286873  3.17286873  3.17286873  3.17286873  3.17286873
   3.17286873  3.17286873  3.17286873  3.43118     3.43118     3.43118
   3.43118     3.43118     3.43118     3.43118     3.43118     3.43118
   3.43118     3.43118     3.43118     3.43118     3.66404176  3.66404176
   3.66404176  3.66404176  3.66404176  3.66404176  3.66404176  3.66404176
   3.66404176  3.66404176  3.66404176  3.66404176  3.69830513  3.69830513
   3.69830513  3.69830513  3.69830513  3.69830513  3.69830513  3.69830513
   3.69830513  3.69830513  3.69830513  3.69830513  3.70778584  3.70778584
   3.70778584  3.70778584  3.70778584  3.70778584  3.70778584  3.70778584
   3.70778584  3.70778584  3.70778584  3.70778584  3.70778584  3.964221
   3.964221    3.964221    3.964221    3.964221    3.964221    3.964221
   3.964221    3.964221    3.964221    3.964221    3.964221    4.29167509
   4.29167509  4.29167509  4.29167509  4.29167509  4.29167509  4.29167509
   4.29167509  4.8708787   4.8708787   4.8708787   4.8708787   4.8708787
   4.8708787   4.8708787   4.8708787   4.8708787   5.38723373  5.38723373
   5.38723373  5.38723373  5.38723373  5.38723373  5.38723373  5.38723373
   5.68384266  5.68384266  5.68384266  5.68384266  5.68384266  5.68384266
   5.68384266  5.68384266  5.87746954  5.87746954  5.87746954  5.87746954
   5.87746954  5.87746954  5.87746954  5.87746954  5.87746954  5.87746954
   5.87746954  5.87746954  5.83746767  5.83746767  5.83746767  5.83746767
   5.83746767  5.83746767  5.83746767  5.83746767  5.83746767  6.24020386
   6.24020386  6.24020386  6.24020386  6.24020386  6.24020386  6.24020386
   6.24020386  6.30512524  6.30512524  6.30512524  6.30512524  6.30512524
   6.30512524  6.30512524  6.30512524  6.30512524  6.30512524  6.30512524
   6.30512524  7.19908428  7.19908428  7.19908428  7.19908428  7.19908428
   7.19908428  7.19908428  7.19908428  7.19908428  6.73634243  6.73634243
   6.73634243  6.73634243  6.73634243  6.73634243  6.73634243  6.73634243
   7.18012142  7.18012142  7.18012142  7.18012142  7.18012142  7.18012142
   7.18012142  7.18012142  6.82184792  6.82184792  6.82184792  6.82184792
   6.82184792  6.82184792  6.82184792  6.82184792  7.53099346  7.53099346
   7.53099346  7.53099346  7.53099346  7.53099346  7.53099346  7.53099346
   7.53099346  7.61837482  7.61837482  7.61837482  7.61837482  7.61837482
   7.61837482  7.61837482  7.61837482  7.55243206  7.55243206  7.55243206
   7.55243206  7.55243206  7.55243206  7.55243206  7.55243206  7.39361477
   7.39361477  7.39361477  7.39361477  7.39361477  7.39361477  7.39361477
   7.39361477  7.44136524  7.44136524  7.44136524  7.44136524  7.44136524
   7.44136524  7.44136524  7.44136524  7.44136524  7.60300922  7.60300922
   7.60300922  7.60300922  7.60300922  7.60300922  7.60300922  7.60300922
   7.60607529  7.60607529  7.60607529  7.60607529  7.60607529  7.60607529
   7.60607529  7.60607529  7.58616495  7.58616495  7.58616495  7.58616495
   7.58616495  7.58616495  7.58616495  7.58616495  7.58616495  7.58616495
   7.58616495  7.58616495  7.58616495  7.9527421   7.9527421   7.9527421
   7.9527421   7.9527421   7.9527421   7.9527421   7.9527421   7.90580225
   7.90580225  7.90580225  7.90580225  7.90580225  7.90580225  7.90580225
   7.90580225  7.8484602   7.8484602   7.8484602   7.8484602   7.8484602
   7.8484602   7.8484602   7.8484602   7.8484602   7.8484602   7.8484602
   7.8484602   8.14588547  8.14588547  8.14588547  8.14588547  8.14588547
   8.14588547  8.14588547  8.14588547  8.14588547  8.61354446  8.61354446
   8.61354446  8.61354446  8.61354446  8.61354446  8.61354446  8.61354446
   9.09289551  9.09289551  9.09289551  9.09289551  9.09289551  9.09289551
   9.09289551  9.09289551  8.88512707  8.88512707  8.88512707  8.88512707
   8.88512707  8.88512707  8.88512707  8.88512707  8.88512707  8.88512707
   8.88512707  8.88512707  8.88512707  8.95349121  8.95349121  8.95349121
   8.95349121  8.95349121  8.95349121  8.95349121  8.95349121  8.59948921
   8.59948921  8.59948921  8.59948921  8.59948921  8.59948921  8.59948921
   8.59948921  8.77770233  8.77770233  8.77770233  8.77770233  8.77770233
   8.77770233  8.77770233  8.77770233  8.77770233  8.77770233  8.77770233
   8.77770233  8.77770233  9.10551167  9.10551167  9.10551167  9.10551167
   9.10551167  9.10551167  9.10551167  9.10551167  9.57902908  9.57902908
   9.57902908  9.57902908  9.57902908  9.57902908  9.57902908  9.57902908
   9.46553516  9.46553516  9.46553516  9.46553516  9.46553516  9.46553516
   9.46553516  9.46553516  9.43439674  9.43439674  9.43439674  9.43439674
   9.43439674  9.43439674  9.43439674  9.43439674  9.43439674  9.43439674
   9.43439674  9.43439674  9.43439674  9.43439674  9.43439674  9.43439674
   9.43439674  9.43439674  9.43439674  9.43439674  9.43439674  9.43439674
   9.43439674  9.43439674  9.43439674  9.43439674  9.43439674  9.43439674
   9.43439674  9.43439674  9.43439674  9.43439674  9.43439674  9.43439674
   9.43439674  9.43439674  9.43439674  9.43439674  9.43439674  9.43439674
   9.43439674  9.43439674  9.43439674  9.43439674  9.43439674  9.43439674
   9.43439674  9.43439674  9.43439674  9.43439674  9.43439674  9.43439674
   9.43439674  9.43439674  9.43439674  9.43439674  9.43439674  9.43439674
   9.43439674  9.43439674  9.43439674  9.43439674  9.43439674  9.43439674
   9.43439674  9.43439674  9.43439674  9.43439674  9.43439674  9.43439674
   9.43439674  9.43439674  9.43439674  9.43439674  9.43439674  9.43439674
   9.43439674  9.43439674  9.43439674  9.43439674  9.43439674  9.43439674
   9.43439674  9.43439674  9.43439674  9.43439674  9.43439674  9.43439674
   9.43439674  9.43439674  9.43439674  9.43439674  9.43439674  9.43439674
   9.43439674  9.43439674  9.43439674  9.43439674  9.43439674