[[ 1.20547485]
 [ 1.20547485]
 [ 1.20547485]
 [ 1.20547485]
 [ 1.20547485]
 [ 1.20547485]
 [ 1.20547485]
 [ 1.20547485]
 [ 1.20547485]
 [ 1.20547485]
 [ 1.20547485]
 [ 1.20547485]
 [ 1.20547485]
 [ 1.20547485]
 [ 1.20547485]
 [ 1.20547485]
 [ 1.20547485]
 [ 1.20547485]
 [ 1.20547485]
 [ 1.20547485]
 [ 1.20547485]
 [ 1.20547485]
 [ 1.20547485]
 [ 1.20547485]
 [ 1.20547485]
 [ 1.20547485]
 [ 1.20547485]
 [ 1.20547485]
 [ 1.20547485]
 [ 1.20547485]
 [ 1.20547485]
 [ 1.20547485]
 [ 1.20547485]
 [ 1.20547485]
 [ 1.20547485]
 [ 1.20547485]
 [ 1.20547485]
 [ 1.20547485]
 [ 1.20547485]
 [ 1.20547485]
 [ 1.20547485]
 [ 1.20547485]
 [ 1.20547485]
 [ 1.20547485]
 [ 1.20547485]
 [ 1.20547485]
 [ 1.20547485]
 [ 1.20547485]
 [ 1.20547485]
 [ 1.20547485]
 [ 1.20547485]
 [ 1.20547485]
 [ 1.20547485]
 [ 1.20547485]
 [ 1.20547485]
 [ 1.20547485]
 [ 1.20547485]
 [ 1.20547485]
 [ 1.20547485]
 [ 1.20547485]
 [ 1.20547485]
 [ 1.20547485]
 [ 1.20547485]
 [ 1.20547485]
 [ 1.20547485]
 [ 1.20547485]
 [ 1.20547485]
 [ 1.20547485]
 [ 1.20547485]
 [ 1.20547485]
 [ 1.20547485]
 [ 1.20547485]
 [ 1.20547485]
 [ 1.20547485]
 [ 1.20547485]
 [ 1.20547485]
 [ 1.20547485]
 [ 1.20547485]
 [ 1.20547485]
 [ 1.20547485]
 [ 1.20547485]
 [ 1.20547485]
 [ 1.20547485]
 [ 1.20547485]
 [ 1.20547485]
 [ 1.20547485]
 [ 1.20547485]
 [ 1.20547485]
 [ 1.20547485]
 [ 1.20547485]
 [ 1.20547485]
 [ 1.20547485]
 [ 1.20547485]
 [ 1.20547485]
 [ 1.20547485]
 [ 1.20547485]
 [ 1.20547485]
 [ 1.20547485]
 [ 1.20547485]
 [ 1.20547485]
 [ 1.20547485]
 [ 1.20547485]
 [ 1.20547485]
 [ 1.20547485]
 [ 1.20547485]
 [ 1.20547485]
 [ 1.20547485]
 [ 1.20547485]
 [ 1.09127188]
 [ 1.09127188]
 [ 1.09127188]
 [ 1.09127188]
 [ 1.09127188]
 [ 1.09127188]
 [ 1.09127188]
 [ 1.09127188]
 [ 1.09127188]
 [ 1.09127188]
 [ 1.09127188]
 [ 1.09127188]
 [ 1.16676915]
 [ 1.16676915]
 [ 1.16676915]
 [ 1.16676915]
 [ 1.16676915]
 [ 1.16676915]
 [ 1.16676915]
 [ 1.16676915]
 [ 1.16676915]
 [ 1.16676915]
 [ 1.16676915]
 [ 1.16676915]
 [ 1.16676915]
 [ 1.30614209]
 [ 1.30614209]
 [ 1.30614209]
 [ 1.30614209]
 [ 1.30614209]
 [ 1.30614209]
 [ 1.30614209]
 [ 1.30614209]
 [ 1.38022971]
 [ 1.38022971]
 [ 1.38022971]
 [ 1.38022971]
 [ 1.38022971]
 [ 1.38022971]
 [ 1.38022971]
 [ 1.38022971]
 [ 1.38022971]
 [ 1.38022971]
 [ 1.38022971]
 [ 1.38022971]
 [ 1.10665762]
 [ 1.10665762]
 [ 1.10665762]
 [ 1.10665762]
 [ 1.10665762]
 [ 1.10665762]
 [ 1.10665762]
 [ 1.10665762]
 [ 1.10665762]
 [ 1.10665762]
 [ 1.10665762]
 [ 1.10665762]
 [ 1.10665762]
 [ 1.10665762]
 [ 1.10665762]
 [ 1.10665762]
 [ 1.10665762]
 [ 1.23743069]
 [ 1.23743069]
 [ 1.23743069]
 [ 1.23743069]
 [ 1.23743069]
 [ 1.23743069]
 [ 1.23743069]
 [ 1.23743069]
 [ 1.23743069]
 [ 1.23743069]
 [ 1.23743069]
 [ 1.23743069]
 [ 1.23743069]
 [ 1.23743069]
 [ 1.23743069]
 [ 1.23743069]
 [ 1.23743069]
 [ 1.23743069]
 [ 1.23743069]
 [ 1.23743069]
 [ 1.22456801]
 [ 1.22456801]
 [ 1.22456801]
 [ 1.22456801]
 [ 1.22456801]
 [ 1.22456801]
 [ 1.22456801]
 [ 1.22456801]
 [ 1.22456801]
 [ 1.24997735]
 [ 1.24997735]
 [ 1.24997735]
 [ 1.24997735]
 [ 1.24997735]
 [ 1.24997735]
 [ 1.24997735]
 [ 1.24997735]
 [ 1.24997735]
 [ 1.24997735]
 [ 1.24997735]
 [ 1.24997735]
 [ 1.24997735]
 [ 1.24997735]
 [ 1.24997735]
 [ 1.24997735]
 [ 1.17038679]
 [ 1.17038679]
 [ 1.17038679]
 [ 1.17038679]
 [ 1.17038679]
 [ 1.17038679]
 [ 1.17038679]
 [ 1.17038679]
 [ 1.17038679]
 [ 1.17038679]
 [ 1.17038679]
 [ 1.17038679]
 [ 1.17038679]
 [ 1.17038679]
 [ 1.17038679]
 [ 1.17038679]
 [ 1.17038679]
 [ 1.17038679]
 [ 1.17038679]
 [ 1.17038679]
 [ 1.17038679]
 [ 1.27904975]
 [ 1.27904975]
 [ 1.27904975]
 [ 1.27904975]
 [ 1.27904975]
 [ 1.27904975]
 [ 1.27904975]
 [ 1.27904975]
 [ 1.27904975]
 [ 1.27904975]
 [ 1.27904975]
 [ 1.27904975]
 [ 1.27904975]
 [ 1.27904975]
 [ 1.27904975]
 [ 1.27904975]
 [ 1.27904975]
 [ 1.27904975]
 [ 1.27904975]
 [ 1.27904975]
 [ 1.16498721]
 [ 1.16498721]
 [ 1.16498721]
 [ 1.16498721]
 [ 1.16498721]
 [ 1.16498721]
 [ 1.16498721]
 [ 1.16498721]
 [ 1.16498721]
 [ 1.16498721]
 [ 1.16498721]
 [ 1.16498721]
 [ 1.16498721]
 [ 1.04834211]
 [ 1.04834211]
 [ 1.04834211]
 [ 1.04834211]
 [ 1.04834211]
 [ 1.04834211]
 [ 1.04834211]
 [ 1.04834211]
 [ 1.09187245]
 [ 1.09187245]
 [ 1.09187245]
 [ 1.09187245]
 [ 1.09187245]
 [ 1.09187245]
 [ 1.09187245]
 [ 1.09187245]
 [ 1.09187245]
 [ 1.09187245]
 [ 1.09187245]
 [ 1.09187245]
 [ 1.09187245]
 [ 1.09187245]
 [ 1.09187245]
 [ 1.09187245]
 [ 1.09187245]
 [ 1.09187245]
 [ 1.09187245]
 [ 1.09187245]
 [ 1.09187245]
 [ 0.99985486]
 [ 0.99985486]
 [ 0.99985486]
 [ 0.99985486]
 [ 0.99985486]
 [ 0.99985486]
 [ 0.99985486]
 [ 0.99985486]
 [ 0.99985486]
 [ 0.99985486]
 [ 0.99985486]
 [ 0.99985486]
 [ 1.2007339 ]
 [ 1.2007339 ]
 [ 1.2007339 ]
 [ 1.2007339 ]
 [ 1.2007339 ]
 [ 1.2007339 ]
 [ 1.2007339 ]
 [ 1.2007339 ]
 [ 0.86378843]
 [ 0.86378843]
 [ 0.86378843]
 [ 0.86378843]
 [ 0.86378843]
 [ 0.86378843]
 [ 0.86378843]
 [ 0.86378843]
 [ 0.86378843]
 [ 0.95944434]
 [ 0.95944434]
 [ 0.95944434]
 [ 0.95944434]
 [ 0.95944434]
 [ 0.95944434]
 [ 0.95944434]
 [ 0.95944434]
 [ 1.03577936]
 [ 1.03577936]
 [ 1.03577936]
 [ 1.03577936]
 [ 1.03577936]
 [ 1.03577936]
 [ 1.03577936]
 [ 1.03577936]
 [ 0.88060069]
 [ 0.88060069]
 [ 0.88060069]
 [ 0.88060069]
 [ 0.88060069]
 [ 0.88060069]
 [ 0.88060069]
 [ 0.88060069]
 [ 0.63503444]
 [ 0.63503444]
 [ 0.63503444]
 [ 0.63503444]
 [ 0.63503444]
 [ 0.63503444]
 [ 0.63503444]
 [ 0.63503444]
 [ 0.63503444]
 [ 0.63503444]
 [ 0.63503444]
 [ 0.63503444]
 [ 0.63503444]
 [ 0.07782087]
 [ 0.07782087]
 [ 0.07782087]
 [ 0.07782087]
 [ 0.07782087]
 [ 0.07782087]
 [ 0.07782087]
 [ 0.07782087]
 [ 0.26168796]
 [ 0.26168796]
 [ 0.26168796]
 [ 0.26168796]
 [ 0.26168796]
 [ 0.26168796]
 [ 0.26168796]
 [ 0.26168796]
 [ 0.57608044]
 [ 0.57608044]
 [ 0.57608044]
 [ 0.57608044]
 [ 0.57608044]
 [ 0.57608044]
 [ 0.57608044]
 [ 0.57608044]
 [ 0.57608044]
 [ 0.57608044]
 [ 0.57608044]
 [ 0.57608044]
 [ 0.57608044]
 [ 1.05352449]
 [ 1.05352449]
 [ 1.05352449]
 [ 1.05352449]
 [ 1.05352449]
 [ 1.05352449]
 [ 1.05352449]
 [ 1.05352449]
 [ 1.00416279]
 [ 1.00416279]
 [ 1.00416279]
 [ 1.00416279]
 [ 1.00416279]
 [ 1.00416279]
 [ 1.00416279]
 [ 1.00416279]
 [ 0.93405199]
 [ 0.93405199]
 [ 0.93405199]
 [ 0.93405199]
 [ 0.93405199]
 [ 0.93405199]
 [ 0.93405199]
 [ 0.93405199]
 [ 0.97294319]
 [ 0.97294319]
 [ 0.97294319]
 [ 0.97294319]
 [ 0.97294319]
 [ 0.97294319]
 [ 0.97294319]
 [ 0.97294319]
 [ 0.97294319]
 [ 1.47752333]
 [ 1.47752333]
 [ 1.47752333]
 [ 1.47752333]
 [ 1.47752333]
 [ 1.47752333]
 [ 1.47752333]
 [ 1.47752333]
 [ 1.55047297]
 [ 1.55047297]
 [ 1.55047297]
 [ 1.55047297]
 [ 1.55047297]
 [ 1.55047297]
 [ 1.55047297]
 [ 1.55047297]
 [ 1.56843734]
 [ 1.56843734]
 [ 1.56843734]
 [ 1.56843734]
 [ 1.56843734]
 [ 1.56843734]
 [ 1.56843734]
 [ 1.56843734]
 [ 1.56843734]
 [ 1.56843734]
 [ 1.56843734]
 [ 1.56843734]
 [ 1.56843734]
 [ 1.49902916]
 [ 1.49902916]
 [ 1.49902916]
 [ 1.49902916]
 [ 1.49902916]
 [ 1.49902916]
 [ 1.49902916]
 [ 1.49902916]
 [ 1.73300958]
 [ 1.73300958]
 [ 1.73300958]
 [ 1.73300958]
 [ 1.73300958]
 [ 1.73300958]
 [ 1.73300958]
 [ 1.73300958]
 [ 1.92976308]
 [ 1.92976308]
 [ 1.92976308]
 [ 1.92976308]
 [ 1.92976308]
 [ 1.92976308]
 [ 1.92976308]
 [ 1.92976308]
 [ 1.92976308]
 [ 1.92976308]
 [ 1.92976308]
 [ 1.92976308]
 [ 2.22539115]
 [ 2.22539115]
 [ 2.22539115]
 [ 2.22539115]
 [ 2.22539115]
 [ 2.22539115]
 [ 2.22539115]
 [ 2.22539115]
 [ 2.22539115]
 [ 2.22539115]
 [ 2.22539115]
 [ 2.22539115]
 [ 2.22539115]
 [ 2.16910076]
 [ 2.16910076]
 [ 2.16910076]
 [ 2.16910076]
 [ 2.16910076]
 [ 2.16910076]
 [ 2.16910076]
 [ 2.16910076]
 [ 2.44776821]
 [ 2.44776821]
 [ 2.44776821]
 [ 2.44776821]
 [ 2.44776821]
 [ 2.44776821]
 [ 2.44776821]
 [ 2.44776821]
 [ 2.42800808]
 [ 2.42800808]
 [ 2.42800808]
 [ 2.42800808]
 [ 2.42800808]
 [ 2.42800808]
 [ 2.42800808]
 [ 2.42800808]
 [ 2.42800808]
 [ 2.42800808]
 [ 2.42800808]
 [ 2.42800808]
 [ 2.42800808]
 [ 3.17286873]
 [ 3.17286873]
 [ 3.17286873]
 [ 3.17286873]
 [ 3.17286873]
 [ 3.17286873]
 [ 3.17286873]
 [ 3.17286873]
 [ 3.17286873]
 [ 3.17286873]
 [ 3.17286873]
 [ 3.17286873]
 [ 3.43118   ]
 [ 3.43118   ]
 [ 3.43118   ]
 [ 3.43118   ]
 [ 3.43118   ]
 [ 3.43118   ]
 [ 3.43118   ]
 [ 3.43118   ]
 [ 3.43118   ]
 [ 3.43118   ]
 [ 3.43118   ]
 [ 3.43118   ]
 [ 3.43118   ]
 [ 3.66404176]
 [ 3.66404176]
 [ 3.66404176]
 [ 3.66404176]
 [ 3.66404176]
 [ 3.66404176]
 [ 3.66404176]
 [ 3.66404176]
 [ 3.66404176]
 [ 3.66404176]
 [ 3.66404176]
 [ 3.66404176]
 [ 3.69830513]
 [ 3.69830513]
 [ 3.69830513]
 [ 3.69830513]
 [ 3.69830513]
 [ 3.69830513]
 [ 3.69830513]
 [ 3.69830513]
 [ 3.69830513]
 [ 3.69830513]
 [ 3.69830513]
 [ 3.69830513]
 [ 3.70778584]
 [ 3.70778584]
 [ 3.70778584]
 [ 3.70778584]
 [ 3.70778584]
 [ 3.70778584]
 [ 3.70778584]
 [ 3.70778584]
 [ 3.70778584]
 [ 3.70778584]
 [ 3.70778584]
 [ 3.70778584]
 [ 3.70778584]
 [ 3.964221  ]
 [ 3.964221  ]
 [ 3.964221  ]
 [ 3.964221  ]
 [ 3.964221  ]
 [ 3.964221  ]
 [ 3.964221  ]
 [ 3.964221  ]
 [ 3.964221  ]
 [ 3.964221  ]
 [ 3.964221  ]
 [ 3.964221  ]
 [ 4.29167509]
 [ 4.29167509]
 [ 4.29167509]
 [ 4.29167509]
 [ 4.29167509]
 [ 4.29167509]
 [ 4.29167509]
 [ 4.29167509]
 [ 4.8708787 ]
 [ 4.8708787 ]
 [ 4.8708787 ]
 [ 4.8708787 ]
 [ 4.8708787 ]
 [ 4.8708787 ]
 [ 4.8708787 ]
 [ 4.8708787 ]
 [ 4.8708787 ]
 [ 5.38723373]
 [ 5.38723373]
 [ 5.38723373]
 [ 5.38723373]
 [ 5.38723373]
 [ 5.38723373]
 [ 5.38723373]
 [ 5.38723373]
 [ 5.68384266]
 [ 5.68384266]
 [ 5.68384266]
 [ 5.68384266]
 [ 5.68384266]
 [ 5.68384266]
 [ 5.68384266]
 [ 5.68384266]
 [ 5.87746954]
 [ 5.87746954]
 [ 5.87746954]
 [ 5.87746954]
 [ 5.87746954]
 [ 5.87746954]
 [ 5.87746954]
 [ 5.87746954]
 [ 5.87746954]
 [ 5.87746954]
 [ 5.87746954]
 [ 5.87746954]
 [ 5.83746767]
 [ 5.83746767]
 [ 5.83746767]
 [ 5.83746767]
 [ 5.83746767]
 [ 5.83746767]
 [ 5.83746767]
 [ 5.83746767]
 [ 5.83746767]
 [ 6.24020386]
 [ 6.24020386]
 [ 6.24020386]
 [ 6.24020386]
 [ 6.24020386]
 [ 6.24020386]
 [ 6.24020386]
 [ 6.24020386]
 [ 6.30512524]
 [ 6.30512524]
 [ 6.30512524]
 [ 6.30512524]
 [ 6.30512524]
 [ 6.30512524]
 [ 6.30512524]
 [ 6.30512524]
 [ 6.30512524]
 [ 6.30512524]
 [ 6.30512524]
 [ 6.30512524]
 [ 7.19908428]
 [ 7.19908428]
 [ 7.19908428]
 [ 7.19908428]
 [ 7.19908428]
 [ 7.19908428]
 [ 7.19908428]
 [ 7.19908428]
 [ 7.19908428]
 [ 6.73634243]
 [ 6.73634243]
 [ 6.73634243]
 [ 6.73634243]
 [ 6.73634243]
 [ 6.73634243]
 [ 6.73634243]
 [ 6.73634243]
 [ 7.18012142]
 [ 7.18012142]
 [ 7.18012142]
 [ 7.18012142]
 [ 7.18012142]
 [ 7.18012142]
 [ 7.18012142]
 [ 7.18012142]
 [ 6.82184792]
 [ 6.82184792]
 [ 6.82184792]
 [ 6.82184792]
 [ 6.82184792]
 [ 6.82184792]
 [ 6.82184792]
 [ 6.82184792]
 [ 7.53099346]
 [ 7.53099346]
 [ 7.53099346]
 [ 7.53099346]
 [ 7.53099346]
 [ 7.53099346]
 [ 7.53099346]
 [ 7.53099346]
 [ 7.53099346]
 [ 7.61837482]
 [ 7.61837482]
 [ 7.61837482]
 [ 7.61837482]
 [ 7.61837482]
 [ 7.61837482]
 [ 7.61837482]
 [ 7.61837482]
 [ 7.55243206]
 [ 7.55243206]
 [ 7.55243206]
 [ 7.55243206]
 [ 7.55243206]
 [ 7.55243206]
 [ 7.55243206]
 [ 7.55243206]
 [ 7.39361477]
 [ 7.39361477]
 [ 7.39361477]
 [ 7.39361477]
 [ 7.39361477]
 [ 7.39361477]
 [ 7.39361477]
 [ 7.39361477]
 [ 7.44136524]
 [ 7.44136524]
 [ 7.44136524]
 [ 7.44136524]
 [ 7.44136524]
 [ 7.44136524]
 [ 7.44136524]
 [ 7.44136524]
 [ 7.44136524]
 [ 7.60300922]
 [ 7.60300922]
 [ 7.60300922]
 [ 7.60300922]
 [ 7.60300922]
 [ 7.60300922]
 [ 7.60300922]
 [ 7.60300922]
 [ 7.60607529]
 [ 7.60607529]
 [ 7.60607529]
 [ 7.60607529]
 [ 7.60607529]
 [ 7.60607529]
 [ 7.60607529]
 [ 7.60607529]
 [ 7.58616495]
 [ 7.58616495]
 [ 7.58616495]
 [ 7.58616495]
 [ 7.58616495]
 [ 7.58616495]
 [ 7.58616495]
 [ 7.58616495]
 [ 7.58616495]
 [ 7.58616495]
 [ 7.58616495]
 [ 7.58616495]
 [ 7.58616495]
 [ 7.9527421 ]
 [ 7.9527421 ]
 [ 7.9527421 ]
 [ 7.9527421 ]
 [ 7.9527421 ]
 [ 7.9527421 ]
 [ 7.9527421 ]
 [ 7.9527421 ]
 [ 7.90580225]
 [ 7.90580225]
 [ 7.90580225]
 [ 7.90580225]
 [ 7.90580225]
 [ 7.90580225]
 [ 7.90580225]
 [ 7.90580225]
 [ 7.8484602 ]
 [ 7.8484602 ]
 [ 7.8484602 ]
 [ 7.8484602 ]
 [ 7.8484602 ]
 [ 7.8484602 ]
 [ 7.8484602 ]
 [ 7.8484602 ]
 [ 7.8484602 ]
 [ 7.8484602 ]
 [ 7.8484602 ]
 [ 7.8484602 ]
 [ 8.14588547]
 [ 8.14588547]
 [ 8.14588547]
 [ 8.14588547]
 [ 8.14588547]
 [ 8.14588547]
 [ 8.14588547]
 [ 8.14588547]
 [ 8.14588547]
 [ 8.61354446]
 [ 8.61354446]
 [ 8.61354446]
 [ 8.61354446]
 [ 8.61354446]
 [ 8.61354446]
 [ 8.61354446]
 [ 8.61354446]
 [ 9.09289551]
 [ 9.09289551]
 [ 9.09289551]
 [ 9.09289551]
 [ 9.09289551]
 [ 9.09289551]
 [ 9.09289551]
 [ 9.09289551]
 [ 8.88512707]
 [ 8.88512707]
 [ 8.88512707]
 [ 8.88512707]
 [ 8.88512707]
 [ 8.88512707]
 [ 8.88512707]
 [ 8.88512707]
 [ 8.88512707]
 [ 8.88512707]
 [ 8.88512707]
 [ 8.88512707]
 [ 8.88512707]
 [ 8.95349121]
 [ 8.95349121]
 [ 8.95349121]
 [ 8.95349121]
 [ 8.95349121]
 [ 8.95349121]
 [ 8.95349121]
 [ 8.95349121]
 [ 8.59948921]
 [ 8.59948921]
 [ 8.59948921]
 [ 8.59948921]
 [ 8.59948921]
 [ 8.59948921]
 [ 8.59948921]
 [ 8.59948921]
 [ 8.77770233]
 [ 8.77770233]
 [ 8.77770233]
 [ 8.77770233]
 [ 8.77770233]
 [ 8.77770233]
 [ 8.77770233]
 [ 8.77770233]
 [ 8.77770233]
 [ 8.77770233]
 [ 8.77770233]
 [ 8.77770233]
 [ 8.77770233]
 [ 9.10551167]
 [ 9.10551167]
 [ 9.10551167]
 [ 9.10551167]
 [ 9.10551167]
 [ 9.10551167]
 [ 9.10551167]
 [ 9.10551167]
 [ 9.57902908]
 [ 9.57902908]
 [ 9.57902908]
 [ 9.57902908]
 [ 9.57902908]
 [ 9.57902908]
 [ 9.57902908]
 [ 9.57902908]
 [ 9.46553516]
 [ 9.46553516]
 [ 9.46553516]
 [ 9.46553516]
 [ 9.46553516]
 [ 9.46553516]
 [ 9.46553516]
 [ 9.46553516]
 [ 9.43439674]
 [ 9.43439674]
 [ 9.43439674]
 [ 9.43439674]
 [ 9.43439674]
 [ 9.43439674]
 [ 9.43439674]
 [ 9.43439674]
 [ 9.43439674]
 [ 9.43439674]
 [ 9.43439674]
 [ 9.43439674]
 [ 9.43439674]
 [ 9.43439674]
 [ 9.43439674]
 [ 9.43439674]
 [ 9.43439674]
 [ 9.43439674]
 [ 9.43439674]
 [ 9.43439674]
 [ 9.43439674]
 [ 9.43439674]
 [ 9.43439674]
 [ 9.43439674]
 [ 9.43439674]
 [ 9.43439674]
 [ 9.43439674]
 [ 9.43439674]
 [ 9.43439674]
 [ 9.43439674]
 [ 9.43439674]
 [ 9.43439674]
 [ 9.43439674]
 [ 9.43439674]
 [ 9.43439674]
 [ 9.43439674]
 [ 9.43439674]
 [ 9.43439674]
 [ 9.43439674]
 [ 9.43439674]
 [ 9.43439674]
 [ 9.43439674]
 [ 9.43439674]
 [ 9.43439674]
 [ 9.43439674]
 [ 9.43439674]
 [ 9.43439674]
 [ 9.43439674]
 [ 9.43439674]
 [ 9.43439674]
 [ 9.43439674]
 [ 9.43439674]
 [ 9.43439674]
 [ 9.43439674]
 [ 9.43439674]
 [ 9.43439674]
 [ 9.43439674]
 [ 9.43439674]
 [ 9.43439674]
 [ 9.43439674]
 [ 9.43439674]
 [ 9.43439674]
 [ 9.43439674]
 [ 9.43439674]
 [ 9.43439674]
 [ 9.43439674]
 [ 9.43439674]
 [ 9.43439674]
 [ 9.43439674]
 [ 9.43439674]
 [ 9.43439674]
 [ 9.43439674]
 [ 9.43439674]
 [ 9.43439674]
 [ 9.43439674]
 [ 9.43439674]
 [ 9.43439674]
 [ 9.43439674]
 [ 9.43439674]
 [ 9.43439674]
 [ 9.43439674]
 [ 9.43439674]
 [ 9.43439674]
 [ 9.43439674]
 [ 9.43439674]
 [ 9.43439674]
 [ 9.43439674]
 [ 9.43439674]
 [ 9.43439674]
 [ 9.43439674]
 [ 9.43439674]
 [ 9.43439674]
 [ 9.43439674]
 [ 9.43439674]
 [ 9.43439674]
 [ 9.43439674]
 [ 9.43439674]
 [ 9.43439674]
 [ 9.43439674]
 [ 9.43439674]
 [ 9.43439674]
 [ 9.43439674]
 [ 9.43439674]
 [ 9.43439674]]
